1753,13
1753,10
1753,9
1739,48
1739,28
1739,17
1739,49
1739,30
1739,51
1739,12
1739,47
1739,32
1739,52
1739,18
1739,50
1739,29
1739,46
1739,11
1753,8
1753,4
1744,4
1739,45
1739,4
1753,29
1753,27
1753,26
1753,24
1753,22
1753,21
1753,19
1753,17
1753,16
1753,14
1753,12
1753,11
1753,7
1753,6
1753,1
1753,5
1753,3
1747,1
1747,3
1744,1
1744,3
1739,83
1739,82
1739,81
1739,80
1739,79
1739,78
1739,77
1739,76
1739,75
1739,74
1739,73
1739,72
1739,71
1739,70
1739,69
1739,68
1739,67
1739,66
1739,65
1739,64
1739,44
1739,43
1739,42
1739,41
1739,40
1739,39
1739,38
1739,37
1739,36
1739,35
1739,34
1739,33
1739,31
1739,27
1739,26
1739,25
1739,24
1739,23
1739,22
1739,21
1739,20
1739,19
1739,16
1739,15
1739,14
1739,13
1739,10
1739,9
1739,8
1739,7
1739,6
1739,5
1739,1
1739,84
1739,3
3,1
3,3
10,229
10,211
10,269
10,277
10,215
10,33
10,31
10,2
10,3
11,23
11,26
11,25
11,13
11,2
11,3
9,7
9,1
9,5
9,2
9,3
8,5
8,12
8,4
8,15
8,2
8,3
20,3
